test_acc: 0.8701657458563536
test_recall: 0.8701657458563536
test_precision: 0.872562206778164
vali_acc: 0.677570093457944
vali_recall: 0.677570093457944
vali_precision: 0.7107271054842815
vali_F1: 0.677570093457944
