test_acc: 0.7707182320441989
test_recall: 0.7707182320441989
test_precision: 0.784578717211964
vali_acc: 0.530373831775701
vali_recall: 0.530373831775701
vali_precision: 0.5673288483887369
vali_F1: 0.530373831775701
