test_acc: 0.850828729281768
test_recall: 0.850828729281768
test_precision: 0.8541996786805123
vali_acc: 0.6557632398753894
vali_recall: 0.6557632398753894
vali_precision: 0.6828434886136063
vali_F1: 0.6557632398753894
