test_acc: 0.9281767955801105
test_recall: 0.9281767955801105
test_precision: 0.9326944995083849
vali_acc: 0.7390965732087228
vali_recall: 0.7390965732087228
vali_precision: 0.7418484307785633
vali_F1: 0.7390965732087228
