test_acc: 0.9033149171270718
test_recall: 0.9033149171270718
test_precision: 0.9112985532264394
vali_acc: 0.7344236760124611
vali_recall: 0.7344236760124611
vali_precision: 0.7338755546254226
vali_F1: 0.7344236760124611
