test_acc: 0.643646408839779
test_recall: 0.643646408839779
test_precision: 0.6523024074568975
vali_acc: 0.39953271028037385
vali_recall: 0.39953271028037385
vali_precision: 0.5015913010494618
vali_F1: 0.39953271028037385
