acc: 0.9443954104148279
recall: 0.9443954104148279
precision: 0.9450435851291582
vali_acc: 0.77338355304457
vali_recall: 0.77338355304457
vali_precision: 0.8896769461210073
vali_F1: 0.77338355304457
