acc: 0.9294871794871795
recall: 0.9294871794871795
precision: 0.9324540204255164
vali_acc: 0.7818581293157565
vali_recall: 0.7818581293157565
vali_precision: 0.8804545287500661
vali_F1: 0.7818581293157565
