acc: 0.8267716535433071
recall: 0.8267716535433071
precision: 0.8295766814518706
vali_acc: 0.6917293233082706
vali_recall: 0.6917293233082706
vali_precision: 0.8149966549039851
vali_F1: 0.6917293233082706
