acc: 0.9409547738693468
recall: 0.9409547738693468
precision: 0.9423089313145868
vali_acc: 0.7862523540489642
vali_recall: 0.7862523540489642
vali_precision: 0.9092042408057392
vali_F1: 0.7862523540489642
