acc: 0.9238410596026491
recall: 0.9238410596026491
precision: 0.9245720582480662
vali_acc: 0.802887633396108
vali_recall: 0.802887633396108
vali_precision: 0.889647067336189
vali_F1: 0.802887633396108
