acc: 0.9125827814569536
recall: 0.9125827814569536
precision: 0.9140187270849496
vali_acc: 0.8041431261770244
vali_recall: 0.8041431261770244
vali_precision: 0.8896375623525763
vali_F1: 0.8041431261770244
