acc: 0.9273422562141491
recall: 0.9273422562141491
precision: 0.9289169059733889
vali_acc: 0.7573760200878845
vali_recall: 0.7573760200878845
vali_precision: 0.8733252560263992
vali_F1: 0.7573760200878844
