acc: 0.5288713910761155
recall: 0.5288713910761155
precision: 0.5010938008736958
vali_acc: 0.37201699901928736
vali_recall: 0.37201699901928736
vali_precision: 0.49954452720967063
vali_F1: 0.37201699901928736
