acc: 0.8952991452991453
recall: 0.8952991452991453
precision: 0.8977446062146363
vali_acc: 0.7372881355932204
vali_recall: 0.7372881355932204
vali_precision: 0.8537576446741809
vali_F1: 0.7372881355932204
