acc: 0.9196822594880847
recall: 0.9196822594880847
precision: 0.9193379353665836
vali_acc: 0.775894538606403
vali_recall: 0.775894538606403
vali_precision: 0.8942694420389101
vali_F1: 0.775894538606403
