acc: 0.5373467112597548
recall: 0.5373467112597548
precision: 0.5410165897517872
vali_acc: 0.275894538606403
vali_recall: 0.275894538606403
vali_precision: 0.5067604519478558
vali_F1: 0.275894538606403
