acc: 0.9365609348914858
recall: 0.9365609348914858
precision: 0.9384957147006964
vali_acc: 0.35436283741368485
vali_recall: 0.35436283741368485
vali_precision: 0.44599299526191166
vali_F1: 0.35436283741368485
