acc: 0.9227386934673367
recall: 0.9227386934673367
precision: 0.9248444713399533
vali_acc: 0.7915881983678594
vali_recall: 0.7915881983678594
vali_precision: 0.8893691505460808
vali_F1: 0.7915881983678594
