acc: 0.9292543021032504
recall: 0.9292543021032504
precision: 0.9303291249500341
vali_acc: 0.7608286252354048
vali_recall: 0.7608286252354048
vali_precision: 0.8863466041037269
vali_F1: 0.760828625235405
