acc: 0.9071476285905143
recall: 0.9071476285905143
precision: 0.9076451564755299
vali_acc: 0.7934714375392341
vali_recall: 0.7934714375392341
vali_precision: 0.900379516874605
vali_F1: 0.7934714375392341
