acc: 0.9496910856134158
recall: 0.9496910856134158
precision: 0.9507035779124884
vali_acc: 0.746390458254865
vali_recall: 0.746390458254865
vali_precision: 0.8724795214083816
vali_F1: 0.7463904582548652
