acc: 0.9337606837606838
recall: 0.9337606837606838
precision: 0.9352880168731145
vali_acc: 0.7780916509730069
vali_recall: 0.7780916509730069
vali_precision: 0.8976942066295934
vali_F1: 0.7780916509730068
