acc: 0.9460076045627377
recall: 0.9460076045627377
precision: 0.9474317912625532
vali_acc: 0.7915881983678594
vali_recall: 0.7915881983678594
vali_precision: 0.8712260875512765
vali_F1: 0.7915881983678594
