acc: 0.7414698162729659
recall: 0.7414698162729659
precision: 0.7455446849024274
vali_acc: 0.5622752533507682
vali_recall: 0.5622752533507682
vali_precision: 0.7447231435123971
vali_F1: 0.5622752533507682
