acc: 0.851782363977486
recall: 0.851782363977486
precision: 0.8512870054022859
vali_acc: 0.6701192718141871
vali_recall: 0.6701192718141871
vali_precision: 0.7889257487821273
vali_F1: 0.6701192718141871
