acc: 0.9052706552706553
recall: 0.9052706552706553
precision: 0.9064724906816835
vali_acc: 0.7545511613308223
vali_recall: 0.7545511613308223
vali_precision: 0.8783088614537345
vali_F1: 0.7545511613308225
