acc: 0.9340452261306532
recall: 0.9340452261306532
precision: 0.9372995578314918
vali_acc: 0.793157564344005
vali_recall: 0.793157564344005
vali_precision: 0.906376832773522
vali_F1: 0.793157564344005
