acc: 0.579987253027406
recall: 0.579987253027406
precision: 0.5769135055529
vali_acc: 0.47865662272441933
vali_recall: 0.47865662272441933
vali_precision: 0.6890840810113735
vali_F1: 0.47865662272441933
