acc: 0.9297658862876255
recall: 0.9297658862876255
precision: 0.9335569897641454
vali_acc: 0.7598870056497176
vali_recall: 0.7598870056497176
vali_precision: 0.9041273762936736
vali_F1: 0.7598870056497176
