acc: 0.9068241469816273
recall: 0.9068241469816273
precision: 0.9104756970699022
vali_acc: 0.8022229486760379
vali_recall: 0.8022229486760379
vali_precision: 0.8708319814734
vali_F1: 0.8022229486760379
