acc: 0.8903760356915232
recall: 0.8903760356915232
precision: 0.8927838951167963
vali_acc: 0.7532956685499058
vali_recall: 0.7532956685499058
vali_precision: 0.8585590489528595
vali_F1: 0.7532956685499058
