acc: 0.9343530911408541
recall: 0.9343530911408541
precision: 0.9354768311831207
vali_acc: 0.7605147520401758
vali_recall: 0.7605147520401758
vali_precision: 0.8959652240052703
vali_F1: 0.7605147520401758
