acc: 0.9152421652421653
recall: 0.9152421652421653
precision: 0.9165237605026588
vali_acc: 0.741368487131199
vali_recall: 0.741368487131199
vali_precision: 0.8621491016607691
vali_F1: 0.741368487131199
