acc: 0.9302736098852604
recall: 0.9302736098852604
precision: 0.9309324017891103
vali_acc: 0.7765222849968613
vali_recall: 0.7765222849968613
vali_precision: 0.8877618419501127
vali_F1: 0.7765222849968613
