acc: 0.8894039735099337
recall: 0.8894039735099337
precision: 0.8872376449975548
vali_acc: 0.7451349654739485
vali_recall: 0.7451349654739485
vali_precision: 0.8512039886297744
vali_F1: 0.7451349654739486
