acc: 0.8540471637985978
recall: 0.8540471637985978
precision: 0.854651028712966
vali_acc: 0.7275580665411174
vali_recall: 0.7275580665411174
vali_precision: 0.8366784284443237
vali_F1: 0.7275580665411174
