acc: 0.9235181644359465
recall: 0.9235181644359465
precision: 0.9250592660600644
vali_acc: 0.7423101067168864
vali_recall: 0.7423101067168864
vali_precision: 0.8555180181429681
vali_F1: 0.7423101067168864
