acc: 0.9230769230769231
recall: 0.9230769230769231
precision: 0.9269393029434029
vali_acc: 0.790646578782172
vali_recall: 0.790646578782172
vali_precision: 0.9080335531009589
vali_F1: 0.790646578782172
