acc: 0.5972482801751094
recall: 0.5972482801751094
precision: 0.5886094641949918
vali_acc: 0.3559322033898305
vali_recall: 0.3559322033898305
vali_precision: 0.6202917628539951
vali_F1: 0.3559322033898305
