acc: 0.9219620958751393
recall: 0.9219620958751393
precision: 0.9272741225027219
vali_acc: 0.8066541117388575
vali_recall: 0.8066541117388575
vali_precision: 0.9063891972063242
vali_F1: 0.8066541117388575
