acc: 0.8805503439649781
recall: 0.8805503439649781
precision: 0.8847408524677672
vali_acc: 0.714375392341494
vali_recall: 0.714375392341494
vali_precision: 0.844465851216597
vali_F1: 0.714375392341494
