acc: 0.9045226130653267
recall: 0.9045226130653267
precision: 0.9066753340152991
vali_acc: 0.7658505963590709
vali_recall: 0.7658505963590709
vali_precision: 0.8808958776675673
vali_F1: 0.7658505963590709
