acc: 0.935361216730038
recall: 0.935361216730038
precision: 0.9375482482466084
vali_acc: 0.7711864406779662
vali_recall: 0.7711864406779662
vali_precision: 0.8653220412916244
vali_F1: 0.7711864406779662
