acc: 0.7873671044402751
recall: 0.7873671044402751
precision: 0.7841185940849936
vali_acc: 0.4830508474576271
vali_recall: 0.4830508474576271
vali_precision: 0.7458491108749797
vali_F1: 0.4830508474576271
