acc: 0.8949343339587242
recall: 0.8949343339587242
precision: 0.8953885230633559
vali_acc: 0.7341494036409291
vali_recall: 0.7341494036409291
vali_precision: 0.8662892864620585
vali_F1: 0.734149403640929
