acc: 0.853988603988604
recall: 0.853988603988604
precision: 0.8560732058673343
vali_acc: 0.6581920903954802
vali_recall: 0.6581920903954802
vali_precision: 0.8175134348447102
vali_F1: 0.6581920903954802
