acc: 0.9372077488309953
recall: 0.9372077488309953
precision: 0.9380234374660122
vali_acc: 0.802887633396108
vali_recall: 0.802887633396108
vali_precision: 0.912219247416672
vali_F1: 0.802887633396108
