acc: 0.8885172798216276
recall: 0.8885172798216276
precision: 0.8888002628278862
vali_acc: 0.7102950408035154
vali_recall: 0.7102950408035154
vali_precision: 0.8690489307075285
vali_F1: 0.7102950408035152
