acc: 0.9090334807327859
recall: 0.9090334807327859
precision: 0.9118775063232607
vali_acc: 0.7489014438166981
vali_recall: 0.7489014438166981
vali_precision: 0.8660106728301825
vali_F1: 0.748901443816698
