acc: 0.7491638795986622
recall: 0.7491638795986622
precision: 0.7512906663692184
vali_acc: 0.485247959824231
vali_recall: 0.485247959824231
vali_precision: 0.763648798577071
vali_F1: 0.485247959824231
