acc: 0.7529215358931552
recall: 0.7529215358931552
precision: 0.7534425470652516
vali_acc: 0.24168236032642812
vali_recall: 0.24168236032642812
vali_precision: 0.32742808425669123
vali_F1: 0.24168236032642812
