acc: 0.8929765886287625
recall: 0.8929765886287625
precision: 0.8949426145947623
vali_acc: 0.746390458254865
vali_recall: 0.746390458254865
vali_precision: 0.8789941532893608
vali_F1: 0.7463904582548652
