acc: 0.942630185348632
recall: 0.942630185348632
precision: 0.9453161807120493
vali_acc: 0.7303829252981795
vali_recall: 0.7303829252981795
vali_precision: 0.8761175556780357
vali_F1: 0.7303829252981794
