acc: 0.8196392785571143
recall: 0.8196392785571143
precision: 0.8190927495995171
vali_acc: 0.6349654739485248
vali_recall: 0.6349654739485248
vali_precision: 0.8225752400478097
vali_F1: 0.6349654739485248
