acc: 0.9437262357414449
recall: 0.9437262357414449
precision: 0.9453262741596303
vali_acc: 0.7940991839296924
vali_recall: 0.7940991839296924
vali_precision: 0.9011403698171581
vali_F1: 0.7940991839296924
