acc: 0.9018136335209506
recall: 0.9018136335209506
precision: 0.9025535918642217
vali_acc: 0.7623979912115505
vali_recall: 0.7623979912115505
vali_precision: 0.8790420163201087
vali_F1: 0.7623979912115506
