acc: 0.9409141583054627
recall: 0.9409141583054627
precision: 0.9438382437471049
vali_acc: 0.7821720025109855
vali_recall: 0.7821720025109855
vali_precision: 0.9060624484541505
vali_F1: 0.7821720025109856
