acc: 0.8914386584289496
recall: 0.8914386584289496
precision: 0.892249723367731
vali_acc: 0.6964846202134338
vali_recall: 0.6964846202134338
vali_precision: 0.8819631297292498
vali_F1: 0.6964846202134338
