acc: 0.7556980056980057
recall: 0.7556980056980057
precision: 0.7583886667479919
vali_acc: 0.4369114877589454
vali_recall: 0.4369114877589454
vali_precision: 0.7347899556875666
vali_F1: 0.4369114877589454
