acc: 0.7692797960484385
recall: 0.7692797960484385
precision: 0.7744734131071273
vali_acc: 0.6239799121155053
vali_recall: 0.6239799121155053
vali_precision: 0.7563412222461572
vali_F1: 0.6239799121155053
