acc: 0.8938723941882502
recall: 0.8938723941882502
precision: 0.8974365627125113
vali_acc: 0.7470182046453233
vali_recall: 0.7470182046453233
vali_precision: 0.8673137040200658
vali_F1: 0.7470182046453233
