acc: 0.9566929133858267
recall: 0.9566929133858267
precision: 0.9583616405767519
vali_acc: 0.8584504740111147
vali_recall: 0.8584504740111147
vali_precision: 0.9121413986697934
vali_F1: 0.8584504740111147
