acc: 0.8347245409015025
recall: 0.8347245409015025
precision: 0.8350417389302789
vali_acc: 0.21876961707470183
vali_recall: 0.21876961707470183
vali_precision: 0.3248577549396867
vali_F1: 0.21876961707470186
