acc: 0.9359296482412061
recall: 0.9359296482412061
precision: 0.9382632212378709
vali_acc: 0.7890772128060264
vali_recall: 0.7890772128060264
vali_precision: 0.9066146906457347
vali_F1: 0.7890772128060263
