acc: 0.9177820267686424
recall: 0.9177820267686424
precision: 0.9188541355003013
vali_acc: 0.7288135593220338
vali_recall: 0.7288135593220338
vali_precision: 0.8642820753903838
vali_F1: 0.7288135593220338
