acc: 0.919732441471572
recall: 0.919732441471572
precision: 0.9228804948763669
vali_acc: 0.7595731324544884
vali_recall: 0.7595731324544884
vali_precision: 0.8870055683233798
vali_F1: 0.7595731324544884
