acc: 0.7852179406190777
recall: 0.7852179406190777
precision: 0.7854860274289907
vali_acc: 0.6490897677338355
vali_recall: 0.6490897677338355
vali_precision: 0.7683816685549282
vali_F1: 0.6490897677338355
