acc: 0.9325317301269205
recall: 0.9325317301269205
precision: 0.9340977860718439
vali_acc: 0.8082234777150031
vali_recall: 0.8082234777150031
vali_precision: 0.9018038361489895
vali_F1: 0.8082234777150032
