acc: 0.9429657794676806
recall: 0.9429657794676806
precision: 0.9443380029419949
vali_acc: 0.7799748901443817
vali_recall: 0.7799748901443817
vali_precision: 0.8695754622080409
vali_F1: 0.7799748901443817
