acc: 0.9461942257217848
recall: 0.9461942257217848
precision: 0.9474324479522346
vali_acc: 0.8780647270349787
vali_recall: 0.8780647270349787
vali_precision: 0.9121914278095983
vali_F1: 0.8780647270349787
