acc: 0.8228643216080402
recall: 0.8228643216080402
precision: 0.8225054193752765
vali_acc: 0.6889516635279347
vali_recall: 0.6889516635279347
vali_precision: 0.8048841586982896
vali_F1: 0.6889516635279347
