acc: 0.8981636060100167
recall: 0.8981636060100167
precision: 0.9015452890990282
vali_acc: 0.2620841180163214
vali_recall: 0.2620841180163214
vali_precision: 0.3858765485388319
vali_F1: 0.2620841180163214
