acc: 0.9245156980627922
recall: 0.9245156980627922
precision: 0.9262522441888661
vali_acc: 0.7922159447583177
vali_recall: 0.7922159447583177
vali_precision: 0.8919372337553917
vali_F1: 0.7922159447583177
