acc: 0.9155722326454033
recall: 0.9155722326454033
precision: 0.9159779984401274
vali_acc: 0.7570621468926554
vali_recall: 0.7570621468926554
vali_precision: 0.887715307237953
vali_F1: 0.7570621468926554
