acc: 0.9222994314592545
recall: 0.9222994314592545
precision: 0.9243559760628122
vali_acc: 0.7689893283113622
vali_recall: 0.7689893283113622
vali_precision: 0.8740037194066569
vali_F1: 0.7689893283113622
