acc: 0.9267214150347441
recall: 0.9267214150347441
precision: 0.9284507334152283
vali_acc: 0.7639673571876961
vali_recall: 0.7639673571876961
vali_precision: 0.887870315716482
vali_F1: 0.7639673571876961
