acc: 0.9181969949916527
recall: 0.9181969949916527
precision: 0.9219168408194363
vali_acc: 0.3157564344005022
vali_recall: 0.3157564344005022
vali_precision: 0.39465050121244705
vali_F1: 0.3157564344005022
