acc: 0.7608120035304501
recall: 0.7608120035304501
precision: 0.756743825640962
vali_acc: 0.482736974262398
vali_recall: 0.482736974262398
vali_precision: 0.7409889424048632
vali_F1: 0.482736974262398
