acc: 0.9382303839732888
recall: 0.9382303839732888
precision: 0.9397913709090138
vali_acc: 0.3763339610797238
vali_recall: 0.3763339610797238
vali_precision: 0.43163971938630197
vali_F1: 0.3763339610797238
