acc: 0.9452237808951236
recall: 0.9452237808951236
precision: 0.9452933080278615
vali_acc: 0.7997489014438167
vali_recall: 0.7997489014438167
vali_precision: 0.9064623222018153
vali_F1: 0.7997489014438167
