acc: 0.5684024713150927
recall: 0.5684024713150927
precision: 0.565249980622942
vali_acc: 0.3135593220338983
vali_recall: 0.3135593220338983
vali_precision: 0.5640831157942051
vali_F1: 0.3135593220338983
