acc: 0.8178807947019867
recall: 0.8178807947019867
precision: 0.8165029553880754
vali_acc: 0.6020087884494664
vali_recall: 0.6020087884494664
vali_precision: 0.7923675692356499
vali_F1: 0.6020087884494664
