acc: 0.5375626043405676
recall: 0.5375626043405676
precision: 0.5078744720437662
vali_acc: 0.17671060891399876
vali_recall: 0.17671060891399876
vali_precision: 0.28492226430423845
vali_F1: 0.17671060891399876
