acc: 0.7977186311787072
recall: 0.7977186311787072
precision: 0.8030537602971112
vali_acc: 0.5621468926553672
vali_recall: 0.5621468926553672
vali_precision: 0.7119465062338155
vali_F1: 0.5621468926553672
