acc: 0.9415954415954416
recall: 0.9415954415954416
precision: 0.9429995534872327
vali_acc: 0.8151286880100439
vali_recall: 0.8151286880100439
vali_precision: 0.909052752305259
vali_F1: 0.8151286880100439
