acc: 0.9152010050251256
recall: 0.9152010050251256
precision: 0.9186665142067565
vali_acc: 0.785624607658506
vali_recall: 0.785624607658506
vali_precision: 0.899881139335065
vali_F1: 0.785624607658506
