acc: 0.9298013245033112
recall: 0.9298013245033112
precision: 0.9325799334139788
vali_acc: 0.7981795354676711
vali_recall: 0.7981795354676711
vali_precision: 0.8830891506330684
vali_F1: 0.7981795354676711
