acc: 0.9383202099737533
recall: 0.9383202099737533
precision: 0.9401021530057748
vali_acc: 0.8509316770186336
vali_recall: 0.8509316770186336
vali_precision: 0.8990997524089068
vali_F1: 0.8509316770186336
