acc: 0.9212007504690432
recall: 0.9212007504690432
precision: 0.9221842395744607
vali_acc: 0.7674199623352166
vali_recall: 0.7674199623352166
vali_precision: 0.8782913712433413
vali_F1: 0.7674199623352166
