acc: 0.918503674014696
recall: 0.918503674014696
precision: 0.921382715922635
vali_acc: 0.8107344632768362
vali_recall: 0.8107344632768362
vali_precision: 0.9005154196316568
vali_F1: 0.8107344632768362
