acc: 0.9431459254579911
recall: 0.9431459254579911
precision: 0.9439671932813775
vali_acc: 0.753609541745135
vali_recall: 0.753609541745135
vali_precision: 0.8732671134550879
vali_F1: 0.7536095417451351
