acc: 0.917144678138942
recall: 0.917144678138942
precision: 0.9177713034700361
vali_acc: 0.761142498430634
vali_recall: 0.761142498430634
vali_precision: 0.8616729551236507
vali_F1: 0.761142498430634
