acc: 0.6132450331125828
recall: 0.6132450331125828
precision: 0.6107822299154179
vali_acc: 0.3810420590081607
vali_recall: 0.3810420590081607
vali_precision: 0.6615255407595048
vali_F1: 0.38104205900816074
