acc: 0.9224515322076298
recall: 0.9224515322076298
precision: 0.9229251383906129
vali_acc: 0.6829880728185813
vali_recall: 0.6829880728185813
vali_precision: 0.892978358826975
vali_F1: 0.6829880728185813
