acc: 0.8567839195979899
recall: 0.8567839195979899
precision: 0.8625957215581669
vali_acc: 0.6980539861895794
vali_recall: 0.6980539861895794
vali_precision: 0.8479577399473847
vali_F1: 0.6980539861895794
