acc: 0.9168230143839899
recall: 0.9168230143839899
precision: 0.9183971744849696
vali_acc: 0.7667922159447583
vali_recall: 0.7667922159447583
vali_precision: 0.8829629434279413
vali_F1: 0.7667922159447583
