acc: 0.5868945868945868
recall: 0.5868945868945868
precision: 0.5650278288301258
vali_acc: 0.4061519146264909
vali_recall: 0.4061519146264909
vali_precision: 0.5150782401296504
vali_F1: 0.406151914626491
