acc: 0.6410646387832699
recall: 0.6410646387832699
precision: 0.6371904758638979
vali_acc: 0.4510357815442561
vali_recall: 0.4510357815442561
vali_precision: 0.6024447132902824
vali_F1: 0.4510357815442561
