acc: 0.591282375236892
recall: 0.591282375236892
precision: 0.576875560124824
vali_acc: 0.3979912115505336
vali_recall: 0.3979912115505336
vali_precision: 0.6692480279263026
vali_F1: 0.3979912115505336
