acc: 0.8704990524320909
recall: 0.8704990524320909
precision: 0.8693300570165702
vali_acc: 0.7131198995605775
vali_recall: 0.7131198995605775
vali_precision: 0.834068205291827
vali_F1: 0.7131198995605775
