acc: 0.6245824983299934
recall: 0.6245824983299934
precision: 0.607061557493603
vali_acc: 0.5097300690521029
vali_recall: 0.5097300690521029
vali_precision: 0.6188331904507424
vali_F1: 0.5097300690521029
