acc: 0.9463044851547694
recall: 0.9463044851547694
precision: 0.9476930420701168
vali_acc: 0.7944130571249215
vali_recall: 0.7944130571249215
vali_precision: 0.8881806338182393
vali_F1: 0.7944130571249215
