acc: 0.9399873657612129
recall: 0.9399873657612129
precision: 0.9406822555177415
vali_acc: 0.7997489014438167
vali_recall: 0.7997489014438167
vali_precision: 0.8993990613448654
vali_F1: 0.7997489014438167
