acc: 0.905703422053232
recall: 0.905703422053232
precision: 0.9088460165989779
vali_acc: 0.7294413057124921
vali_recall: 0.7294413057124921
vali_precision: 0.8482832732506987
vali_F1: 0.7294413057124921
