acc: 0.9318637274549099
recall: 0.9318637274549099
precision: 0.9350379148073545
vali_acc: 0.7357187696170747
vali_recall: 0.7357187696170747
vali_precision: 0.9096198110250207
vali_F1: 0.7357187696170747
