acc: 0.9064430714916152
recall: 0.9064430714916152
precision: 0.9100162849687345
vali_acc: 0.7925298179535468
vali_recall: 0.7925298179535468
vali_precision: 0.8869729686224932
vali_F1: 0.7925298179535469
