acc: 0.9264900662251656
recall: 0.9264900662251656
precision: 0.9302372320917732
vali_acc: 0.8063402385436284
vali_recall: 0.8063402385436284
vali_precision: 0.8908648521877485
vali_F1: 0.8063402385436284
