acc: 0.9269961977186312
recall: 0.9269961977186312
precision: 0.9293439901126276
vali_acc: 0.7780916509730069
vali_recall: 0.7780916509730069
vali_precision: 0.8771152615899114
vali_F1: 0.7780916509730068
