acc: 0.8658428949691086
recall: 0.8658428949691086
precision: 0.8663155878584101
vali_acc: 0.6911487758945386
vali_recall: 0.6911487758945386
vali_precision: 0.8612391721624745
vali_F1: 0.6911487758945386
