acc: 0.9165562913907285
recall: 0.9165562913907285
precision: 0.9170177473355626
vali_acc: 0.807909604519774
vali_recall: 0.807909604519774
vali_precision: 0.8850178333485713
vali_F1: 0.8079096045197741
