acc: 0.856953642384106
recall: 0.856953642384106
precision: 0.8562345290924829
vali_acc: 0.7319522912743252
vali_recall: 0.7319522912743252
vali_precision: 0.8240480545911616
vali_F1: 0.7319522912743252
