acc: 0.9165275459098498
recall: 0.9165275459098498
precision: 0.9201786370094244
vali_acc: 0.307909604519774
vali_recall: 0.307909604519774
vali_precision: 0.38045577923481577
vali_F1: 0.307909604519774
