acc: 0.8766404199475065
recall: 0.8766404199475065
precision: 0.880163308500681
vali_acc: 0.7665903890160183
vali_recall: 0.7665903890160183
vali_precision: 0.8432814647913663
vali_F1: 0.7665903890160184
