acc: 0.935361216730038
recall: 0.935361216730038
precision: 0.9370078270769517
vali_acc: 0.7859384808537351
vali_recall: 0.7859384808537351
vali_precision: 0.8794894636584839
vali_F1: 0.7859384808537351
