acc: 0.9238845144356955
recall: 0.9238845144356955
precision: 0.9275409617227262
vali_acc: 0.8375286041189931
vali_recall: 0.8375286041189931
vali_precision: 0.8824486598399096
vali_F1: 0.8375286041189931
