acc: 0.8606465997770345
recall: 0.8606465997770345
precision: 0.8585067354155305
vali_acc: 0.6908349026993095
vali_recall: 0.6908349026993095
vali_precision: 0.8299041017249996
vali_F1: 0.6908349026993095
