acc: 0.8844221105527639
recall: 0.8844221105527639
precision: 0.8896044249214198
vali_acc: 0.7476459510357816
vali_recall: 0.7476459510357816
vali_precision: 0.8683123106327881
vali_F1: 0.7476459510357817
