acc: 0.9348914858096828
recall: 0.9348914858096828
precision: 0.9359582134367788
vali_acc: 0.3581293157564344
vali_recall: 0.3581293157564344
vali_precision: 0.4201539313762893
vali_F1: 0.3581293157564345
