acc: 0.8824315297261189
recall: 0.8824315297261189
precision: 0.8840132448971151
vali_acc: 0.7372881355932204
vali_recall: 0.7372881355932204
vali_precision: 0.8805357111898643
vali_F1: 0.7372881355932204
