acc: 0.9366096866096866
recall: 0.9366096866096866
precision: 0.9384442839702201
vali_acc: 0.8025737602008789
vali_recall: 0.8025737602008789
vali_precision: 0.9062117351338815
vali_F1: 0.802573760200879
