acc: 0.8764607679465777
recall: 0.8764607679465777
precision: 0.8783939991576851
vali_acc: 0.2645951035781544
vali_recall: 0.2645951035781544
vali_precision: 0.3806029949430687
vali_F1: 0.2645951035781544
