acc: 0.8963254593175853
recall: 0.8963254593175853
precision: 0.9006767029787262
vali_acc: 0.7741091860084995
vali_recall: 0.7741091860084995
vali_precision: 0.850567002960661
vali_F1: 0.7741091860084994
