acc: 0.6293969849246231
recall: 0.6293969849246231
precision: 0.6277989302958027
vali_acc: 0.5690521029504081
vali_recall: 0.5690521029504081
vali_precision: 0.6967396730366081
vali_F1: 0.5690521029504081
