acc: 0.8395437262357415
recall: 0.8395437262357415
precision: 0.8479641791861202
vali_acc: 0.6726302573760201
vali_recall: 0.6726302573760201
vali_precision: 0.7821714502748234
vali_F1: 0.6726302573760201
