acc: 0.9026490066225166
recall: 0.9026490066225166
precision: 0.9047490389533474
vali_acc: 0.7897049591964846
vali_recall: 0.7897049591964846
vali_precision: 0.8885059585393146
vali_F1: 0.7897049591964846
