acc: 0.9332220367278798
recall: 0.9332220367278798
precision: 0.934978132219531