acc: 0.8414023372287145
recall: 0.8414023372287145
precision: 0.8470106010275203