acc: 0.9081803005008348
recall: 0.9081803005008348
precision: 0.9110178558843264