acc: 0.8998330550918197
recall: 0.8998330550918197
precision: 0.9019451025574298