acc: 0.9048414023372288
recall: 0.9048414023372288
precision: 0.9068834376929383