acc: 0.9248747913188647
recall: 0.9248747913188647
precision: 0.9265029341378236