acc: 0.9265442404006677
recall: 0.9265442404006677
precision: 0.92876518195577