acc: 0.7312186978297162
recall: 0.7312186978297162
precision: 0.7306803681618212