acc: 0.7283464566929134
recall: 0.7283464566929134
precision: 0.7394488598938908