acc: 0.8320209973753281
recall: 0.8320209973753281
precision: 0.8381820496830965