acc: 0.929277566539924
recall: 0.929277566539924
precision: 0.9305334046609788acc: 0.9330798479087452
recall: 0.9330798479087452
precision: 0.9344994040206884
vali_acc: 0.7623979912115505
vali_recall: 0.7623979912115505
vali_precision: 0.8637365868571317
vali_F1: 0.7623979912115506
