acc: 0.9501312335958005
recall: 0.9501312335958005
precision: 0.9518558619036391