acc: 0.8568376068376068
recall: 0.8568376068376068
precision: 0.8593135059414732