acc: 0.6372623574144487
recall: 0.6372623574144487
precision: 0.6217949496195213acc: 0.6380228136882129
recall: 0.6380228136882129
precision: 0.632401295886605
vali_acc: 0.42310106716886375
vali_recall: 0.42310106716886375
vali_precision: 0.5892403873635512
vali_F1: 0.42310106716886375
