acc: 0.8976377952755905
recall: 0.8976377952755905
precision: 0.899069551783988