acc: 0.9095057034220533
recall: 0.9095057034220533
precision: 0.9105185015451193acc: 0.914828897338403
recall: 0.914828897338403
precision: 0.9156199219385395
vali_acc: 0.721594475831764
vali_recall: 0.721594475831764
vali_precision: 0.8409229550362187
vali_F1: 0.721594475831764
