acc: 0.9376425855513308
recall: 0.9376425855513308
precision: 0.9392115300766278acc: 0.9361216730038023
recall: 0.9361216730038023
precision: 0.9376014633581581
vali_acc: 0.7859384808537351
vali_recall: 0.7859384808537351
vali_precision: 0.8720354544718424
vali_F1: 0.7859384808537351
