acc: 0.8924501424501424
recall: 0.8924501424501424
precision: 0.8941807600180794