acc: 0.7977186311787072
recall: 0.7977186311787072
precision: 0.8080410062344768acc: 0.7923954372623574
recall: 0.7923954372623574
precision: 0.8013695076805226
vali_acc: 0.5772128060263654
vali_recall: 0.5772128060263654
vali_precision: 0.7109833444760542
vali_F1: 0.5772128060263654
