acc: 0.9422572178477691
recall: 0.9422572178477691
precision: 0.946264036910781