acc: 0.9366096866096866
recall: 0.9366096866096866
precision: 0.9384307077403654