acc: 0.9088319088319088
recall: 0.9088319088319088
precision: 0.9099678798169495