acc: 0.9406844106463879
recall: 0.9406844106463879
precision: 0.9434050656124633acc: 0.9391634980988594
recall: 0.9391634980988594
precision: 0.940827408837248
vali_acc: 0.7693032015065914
vali_recall: 0.7693032015065914
vali_precision: 0.8763574870855947
vali_F1: 0.7693032015065914
