acc: 0.916010498687664
recall: 0.916010498687664
precision: 0.9174294537888267