acc: 0.9254752851711027
recall: 0.9254752851711027
precision: 0.9274690789679171acc: 0.9338403041825095
recall: 0.9338403041825095
precision: 0.9356728367512356
vali_acc: 0.7736974262397991
vali_recall: 0.7736974262397991
vali_precision: 0.8619240345884088
vali_F1: 0.7736974262397991
