acc: 0.9337606837606838
recall: 0.9337606837606838
precision: 0.9356620435709299