acc: 0.8326996197718631
recall: 0.8326996197718631
precision: 0.8409003130364653acc: 0.8342205323193916
recall: 0.8342205323193916
precision: 0.8488557271325783
vali_acc: 0.6089139987445072
vali_recall: 0.6089139987445072
vali_precision: 0.7675644582766558
vali_F1: 0.6089139987445072
