acc: 0.9304461942257218
recall: 0.9304461942257218
precision: 0.9350802844435351