acc: 0.9444866920152091
recall: 0.9444866920152091
precision: 0.9458123238097654acc: 0.9482889733840304
recall: 0.9482889733840304
precision: 0.9496129848258613
vali_acc: 0.783427495291902
vali_recall: 0.783427495291902
vali_precision: 0.8736426629742285
vali_F1: 0.7834274952919019
