acc: 0.9444444444444444
recall: 0.9444444444444444
precision: 0.9463627962127983