acc: 0.6004273504273504
recall: 0.6004273504273504
precision: 0.5879456247302604