acc: 0.7606837606837606
recall: 0.7606837606837606
precision: 0.7639271011989403