acc: 0.9323361823361823
recall: 0.9323361823361823
precision: 0.9346757127910715