acc: 0.5249343832020997
recall: 0.5249343832020997
precision: 0.510492720803788