acc: 0.9444866920152091
recall: 0.9444866920152091
precision: 0.9457643950172026acc: 0.9467680608365019
recall: 0.9467680608365019
precision: 0.9479803469931616
vali_acc: 0.7865662272441933
vali_recall: 0.7865662272441933
vali_precision: 0.8738922691425226
vali_F1: 0.7865662272441933
