acc: 0.8805774278215223
recall: 0.8805774278215223
precision: 0.8853417569941175