acc: 0.9501312335958005
recall: 0.9501312335958005
precision: 0.9513001807248993