acc: 0.9002849002849003
recall: 0.9002849002849003
precision: 0.9016207822536586