acc: 0.5475792988313857
recall: 0.5475792988313857
precision: 0.5106783240485872