acc: 0.916499665998664
recall: 0.916499665998664
precision: 0.9184162563726883