acc: 0.8864774624373957
recall: 0.8864774624373957
precision: 0.8891839740153181