acc: 0.9084836339345357
recall: 0.9084836339345357
precision: 0.9111783366529433