acc: 0.884435537742151
recall: 0.884435537742151
precision: 0.885494147970284