acc: 0.9452237808951236
recall: 0.9452237808951236
precision: 0.9451790898372214