acc: 0.8576158940397351
recall: 0.8576158940397351
precision: 0.860299602555585