acc: 0.9492317969271877
recall: 0.9492317969271877
precision: 0.9500383069054803