acc: 0.5966887417218543
recall: 0.5966887417218543
precision: 0.5930530782518458