acc: 0.7445742904841403
recall: 0.7445742904841403
precision: 0.7509682485127754