acc: 0.9311258278145695
recall: 0.9311258278145695
precision: 0.9341355742471118