acc: 0.9148580968280468
recall: 0.9148580968280468
precision: 0.9175347869382606