acc: 0.8363939899833055
recall: 0.8363939899833055
precision: 0.8433303626249183