acc: 0.9337748344370861
recall: 0.9337748344370861
precision: 0.9366688089485751