acc: 0.9086092715231788
recall: 0.9086092715231788
precision: 0.9114744563399335