acc: 0.8973509933774835
recall: 0.8973509933774835
precision: 0.8989640297380167