acc: 0.9378757515030061
recall: 0.9378757515030061
precision: 0.9391667204024023