acc: 0.9232053422370617
recall: 0.9232053422370617
precision: 0.9280349344052764