acc: 0.9348914858096828
recall: 0.9348914858096828
precision: 0.9358100347186388