acc: 0.6199064796259185
recall: 0.6199064796259185
precision: 0.6104342698196729