acc: 0.9345357381429525
recall: 0.9345357381429525
precision: 0.9355215386341447