acc: 0.9245033112582781
recall: 0.9245033112582781
precision: 0.9264478441204592