acc: 0.9198675496688742
recall: 0.9198675496688742
precision: 0.9232854598690227