acc: 0.8059602649006623
recall: 0.8059602649006623
precision: 0.8050897029663491