acc: 0.9385437541750167
recall: 0.9385437541750167
precision: 0.9388076724641715