acc: 0.8927152317880794
recall: 0.8927152317880794
precision: 0.8927989100566573