acc: 0.8156312625250501
recall: 0.8156312625250501
precision: 0.8126884770003278