acc: 0.9481996209728364
recall: 0.9481996209728364
precision: 0.948324907579763