acc: 0.7547380156075808
recall: 0.7547380156075808
precision: 0.7549536890023772