acc: 0.935627788400255
recall: 0.935627788400255
precision: 0.9374723276860436