acc: 0.8992989165073295
recall: 0.8992989165073295
precision: 0.9020898046383728