acc: 0.9204042956411876
recall: 0.9204042956411876
precision: 0.9226258115927386