acc: 0.7731038878266412
recall: 0.7731038878266412
precision: 0.7742361476939665