acc: 0.866708780795957
recall: 0.866708780795957
precision: 0.868885503332626