acc: 0.5395763656633222
recall: 0.5395763656633222
precision: 0.5241099579160948