acc: 0.92861695347355
recall: 0.92861695347355
precision: 0.9282385893142412