acc: 0.8951358180669615
recall: 0.8951358180669615
precision: 0.8975628540355016