acc: 0.89520624303233
recall: 0.89520624303233
precision: 0.8965315724391207