acc: 0.9133205863607393
recall: 0.9133205863607393
precision: 0.9146909237935413