acc: 0.7871130764371447
recall: 0.7871130764371447
precision: 0.7887078618314941