acc: 0.9331103678929766
recall: 0.9331103678929766
precision: 0.9346825651685728