acc: 0.9185091598231206
recall: 0.9185091598231206
precision: 0.9202353047393751