acc: 0.9241945672773215
recall: 0.9241945672773215
precision: 0.9248372221922342