acc: 0.5843335439039797
recall: 0.5843335439039797
precision: 0.5717508042496426