acc: 0.855072463768116
recall: 0.855072463768116
precision: 0.857732726263725