acc: 0.9319955406911928
recall: 0.9319955406911928
precision: 0.9358411680423294