acc: 0.9317751105495894
recall: 0.9317751105495894
precision: 0.9317342837709894