acc: 0.9273422562141491
recall: 0.9273422562141491
precision: 0.927783655142913