acc: 0.9297658862876255
recall: 0.9297658862876255
precision: 0.9321229464135542