acc: 0.9254302103250478
recall: 0.9254302103250478
precision: 0.9280523869931712