acc: 0.9052396878483835
recall: 0.9052396878483835
precision: 0.9066131641861639