acc: 0.8521351179094965
recall: 0.8521351179094965
precision: 0.8528850637021017