acc: 0.9469361970941251
recall: 0.9469361970941251
precision: 0.9477197944029047