acc: 0.939799331103679
recall: 0.939799331103679
precision: 0.9423294244127202