acc: 0.58572339069471
recall: 0.58572339069471
precision: 0.5899199042646048