acc: 0.9453517587939698
recall: 0.9453517587939698
precision: 0.9471515541754805