acc: 0.7967479674796748
recall: 0.7967479674796748
precision: 0.7932461573710369