acc: 0.824748743718593
recall: 0.824748743718593
precision: 0.8287312336980964