acc: 0.9277638190954773
recall: 0.9277638190954773
precision: 0.9297638418171108