acc: 0.9089195979899497
recall: 0.9089195979899497
precision: 0.910901384685126