acc: 0.9093183239524703
recall: 0.9093183239524703
precision: 0.9123008075167076