acc: 0.8961851156973109
recall: 0.8961851156973109
precision: 0.896852859066526