acc: 0.9224515322076298
recall: 0.9224515322076298
precision: 0.9231293751546296