acc: 0.9218261413383365
recall: 0.9218261413383365
precision: 0.9226963720657261