acc: 0.8449030644152595
recall: 0.8449030644152595
precision: 0.8461275064359212