acc: 0.6369346733668342
recall: 0.6369346733668342
precision: 0.6342189205048233