acc: 0.9099437148217636
recall: 0.9099437148217636
precision: 0.9117286491525358