acc: 0.5859912445278299
recall: 0.5859912445278299
precision: 0.5655800330520324