acc: 0.8837939698492462
recall: 0.8837939698492462
precision: 0.8840853145403951