acc: 0.9205753595997499
recall: 0.9205753595997499
precision: 0.9212985135160405