acc: 0.9214824120603015
recall: 0.9214824120603015
precision: 0.9228698404089036