acc: 0.9384422110552764
recall: 0.9384422110552764
precision: 0.9390059965978702