acc: 0.910175879396985
recall: 0.910175879396985
precision: 0.9121872996817032