acc: 0.8830519074421513
recall: 0.8830519074421513
precision: 0.8865308820961404