acc: 0.8586683417085427
recall: 0.8586683417085427
precision: 0.8641794594464384