acc: 0.8561341571050309
recall: 0.8561341571050309
precision: 0.855448156428327