acc: 0.940864960282436
recall: 0.940864960282436
precision: 0.9427895013631883