acc: 0.7669902912621359
recall: 0.7669902912621359
precision: 0.7645934362251683