acc: 0.9452780229479258
recall: 0.9452780229479258
precision: 0.9470743183248264