acc: 0.5533980582524272
recall: 0.5533980582524272
precision: 0.5574640898136439