acc: 0.9470432480141218
recall: 0.9470432480141218
precision: 0.948374453549899