acc: 0.8861429832303619
recall: 0.8861429832303619
precision: 0.8921556387659106