acc: 0.9293909973521624
recall: 0.9293909973521624
precision: 0.9303792102084961