acc: 0.911738746690203
recall: 0.911738746690203
precision: 0.91431940375418