acc: 0.9302736098852604
recall: 0.9302736098852604
precision: 0.9313715037552279