test_acc: 0.9222702035780382
test_recall: 0.9222702035780382
test_precision: 0.9227339883317243
test_F1: 0.9222702035780382
vali_acc: 0.7144711226476315
vali_recall: 0.7144711226476315
vali_precision: 0.8648028083570118
vali_F1: 0.7144711226476315
