test_acc: 0.9420111042566317
test_recall: 0.9420111042566317
test_precision: 0.9426210568674303
test_F1: 0.9420111042566317
test_acc: 0.9420111042566317
test_recall: 0.9420111042566317
test_precision: 0.9431009125414092
test_F1: 0.9420111042566317
vali_acc: 0.7326411421155095
vali_recall: 0.7326411421155095
vali_precision: 0.8967924273907417
vali_F1: 0.7326411421155093
