test_acc: 0.8599629858112277
test_recall: 0.8599629858112277
test_precision: 0.8614902251017658
test_F1: 0.8599629858112277
vali_acc: 0.5717066839714471
vali_recall: 0.5717066839714471
vali_precision: 0.8087807295923994
vali_F1: 0.5717066839714471
