test_acc: 0.7871684145589143
test_recall: 0.7871684145589143
test_precision: 0.7917316575954804
test_F1: 0.7871684145589144
vali_acc: 0.4490590525632706
vali_recall: 0.4490590525632706
vali_precision: 0.7331838526291131
vali_F1: 0.4490590525632706
