test_acc: 0.8840222085132634
test_recall: 0.8840222085132634
test_precision: 0.8825332677887878
test_F1: 0.8840222085132633
vali_acc: 0.6560674886437379
vali_recall: 0.6560674886437379
vali_precision: 0.8513304443340592
vali_F1: 0.6560674886437379
