test_acc: 0.8963602714373843
test_recall: 0.8963602714373843
test_precision: 0.9005609530277954
test_F1: 0.8963602714373843
vali_acc: 0.7060350421804024
vali_recall: 0.7060350421804024
vali_precision: 0.8417605589672098
vali_F1: 0.7060350421804024
