test_acc: 0.5774213448488588
test_recall: 0.5774213448488588
test_precision: 0.5871340183370705
test_F1: 0.5774213448488588
vali_acc: 0.3283582089552239
vali_recall: 0.3283582089552239
vali_precision: 0.43717997921035434
vali_F1: 0.3283582089552239
