test_acc: 0.9124537607891492
test_recall: 0.9124537607891492
test_precision: 0.9122094597570943
test_F1: 0.9124537607891492
vali_acc: 0.7131882202304738
vali_recall: 0.7131882202304738
vali_precision: 0.8621976525143016
vali_F1: 0.7131882202304738
