test_acc: 0.8958076448828607
test_recall: 0.8958076448828607
test_precision: 0.897741076221647
test_F1: 0.8958076448828607
vali_acc: 0.6854460093896714
vali_recall: 0.6854460093896714
vali_precision: 0.8466810850507861
vali_F1: 0.6854460093896714
