test_acc: 0.9352651048088779
test_recall: 0.9352651048088779
test_precision: 0.9364529640640266
test_F1: 0.9352651048088779
vali_acc: 0.7422108408023901
vali_recall: 0.7422108408023901
vali_precision: 0.8717546640395638
vali_F1: 0.7422108408023902
