test_acc: 0.5178791615289766
test_recall: 0.5178791615289766
test_precision: 0.4954823152931996
test_F1: 0.5178791615289766
vali_acc: 0.3760136577037986
vali_recall: 0.3760136577037986
vali_precision: 0.5106906068546019
vali_F1: 0.3760136577037986
