test_acc: 0.9475955610357584
test_recall: 0.9475955610357584
test_precision: 0.9504480396394156
test_F1: 0.9475955610357584
vali_acc: 0.8203158344003414
vali_recall: 0.8203158344003414
vali_precision: 0.9159362569369447
vali_F1: 0.8203158344003414
