test_acc: 0.840937114673243
test_recall: 0.840937114673243
test_precision: 0.839397745497273
test_F1: 0.840937114673243
vali_acc: 0.5335040546308152
vali_recall: 0.5335040546308152
vali_precision: 0.7980883290120209
vali_F1: 0.5335040546308152
