test_acc: 0.7644882860665845
test_recall: 0.7644882860665845
test_precision: 0.7580589487049462
test_F1: 0.7644882860665845
vali_acc: 0.50917626973965
vali_recall: 0.50917626973965
vali_precision: 0.7410337756835675
vali_F1: 0.50917626973965
