test_acc: 0.7996312231100184
test_recall: 0.7996312231100184
test_precision: 0.805169711018034
test_F1: 0.7996312231100184
vali_acc: 0.6608315098468271
vali_recall: 0.6608315098468271
vali_precision: 0.7781241464245648
vali_F1: 0.6608315098468271
