test_acc: 0.9113846153846153
test_recall: 0.9113846153846153
test_precision: 0.9122422089099981
test_F1: 0.9113846153846155
vali_acc: 0.7779803135253373
vali_recall: 0.7779803135253373
vali_precision: 0.8932632806861389
vali_F1: 0.7779803135253373
