test_acc: 0.9090346534653465
test_recall: 0.9090346534653465
test_precision: 0.9112686934759867
test_F1: 0.9090346534653465
vali_acc: 0.7876288659793814
vali_recall: 0.7876288659793814
vali_precision: 0.8696476964912303
vali_F1: 0.7876288659793814
