test_acc: 0.9102642901044868
test_recall: 0.9102642901044868
test_precision: 0.9131721241498427
test_F1: 0.9102642901044868
vali_acc: 0.7536105032822757
vali_recall: 0.7536105032822757
vali_precision: 0.8349072482261186
vali_F1: 0.7536105032822757
