test_acc: 0.8196923076923077
test_recall: 0.8196923076923077
test_precision: 0.8191244483969734
test_F1: 0.8196923076923077
vali_acc: 0.6419978126139264
vali_recall: 0.6419978126139264
vali_precision: 0.8189655459501372
vali_F1: 0.6419978126139264
