test_acc: 0.5587692307692308
test_recall: 0.5587692307692308
test_precision: 0.5701568805771955
test_F1: 0.5587692307692308
vali_acc: 0.3773240977032446
vali_recall: 0.3773240977032446
vali_precision: 0.46022437484362705
vali_F1: 0.3773240977032446
