test_acc: 0.8149752475247525
test_recall: 0.8149752475247525
test_precision: 0.8149447626178961
test_F1: 0.8149752475247526
vali_acc: 0.6684536082474227
vali_recall: 0.6684536082474227
vali_precision: 0.780236012937457
vali_F1: 0.6684536082474227
