test_acc: 0.8589108910891089
test_recall: 0.8589108910891089
test_precision: 0.8590220405423572
test_F1: 0.858910891089109
vali_acc: 0.7121649484536082
vali_recall: 0.7121649484536082
vali_precision: 0.8212325158384021
vali_F1: 0.7121649484536082
