test_acc: 0.8881376767055931
test_recall: 0.8881376767055931
test_precision: 0.8888123348544161
test_F1: 0.8881376767055931
vali_acc: 0.7111597374179431
vali_recall: 0.7111597374179431
vali_precision: 0.8178871793103665
vali_F1: 0.7111597374179431
