test_acc: 0.9350247524752475
test_recall: 0.9350247524752475
test_precision: 0.9353477438964743
test_F1: 0.9350247524752476
vali_acc: 0.8247422680412371
vali_recall: 0.8247422680412371
vali_precision: 0.8949530724007579
vali_F1: 0.8247422680412371
