test_acc: 0.6621287128712872
test_recall: 0.6621287128712872
test_precision: 0.6548110569626588
test_F1: 0.6621287128712872
vali_acc: 0.5315463917525773
vali_recall: 0.5315463917525773
vali_precision: 0.6775228866391354
vali_F1: 0.5315463917525773
