test_acc: 0.8635525507068224
test_recall: 0.8635525507068224
test_precision: 0.864216755967703
test_F1: 0.8635525507068224
vali_acc: 0.7540481400437636
vali_recall: 0.7540481400437636
vali_precision: 0.8326345630318206
vali_F1: 0.7540481400437636
