test_acc: 0.8898461538461538
test_recall: 0.8898461538461538
test_precision: 0.8906683756019445
test_F1: 0.8898461538461538
vali_acc: 0.7269413051403573
vali_recall: 0.7269413051403573
vali_precision: 0.8665217941275352
vali_F1: 0.7269413051403572
