test_acc: 0.8713846153846154
test_recall: 0.8713846153846154
test_precision: 0.873197773938189
test_F1: 0.8713846153846154
vali_acc: 0.7167335034633613
vali_recall: 0.7167335034633613
vali_precision: 0.8421619319254295
vali_F1: 0.7167335034633613
