test_acc: 0.5476336816226183
test_recall: 0.5476336816226183
test_precision: 0.5335540205907017
test_F1: 0.5476336816226183
vali_acc: 0.38818380743982495
vali_recall: 0.38818380743982495
vali_precision: 0.5893153485164226
vali_F1: 0.38818380743982495
