test_acc: 0.9262446220036877
test_recall: 0.9262446220036877
test_precision: 0.929571410431634
test_F1: 0.9262446220036877
vali_acc: 0.812253829321663
vali_recall: 0.812253829321663
vali_precision: 0.8601871272762717
vali_F1: 0.812253829321663
