test_acc: 0.9397664413030117
test_recall: 0.9397664413030117
test_precision: 0.9414557094395579
test_F1: 0.9397664413030117
vali_acc: 0.7903930131004366
vali_recall: 0.7903930131004366
vali_precision: 0.889544181664612
vali_F1: 0.7903930131004366
