test_acc: 0.8088506453595574
test_recall: 0.8088506453595574
test_precision: 0.8089748808949749
test_F1: 0.8088506453595574
vali_acc: 0.6302765647743813
vali_recall: 0.6302765647743813
vali_precision: 0.8052749487726596
vali_F1: 0.6302765647743813
