test_acc: 0.8862937922556853
test_recall: 0.8862937922556853
test_precision: 0.8888293984058782
test_F1: 0.8862937922556853
vali_acc: 0.7037845705967977
vali_recall: 0.7037845705967977
vali_precision: 0.865434374638225
vali_F1: 0.7037845705967977
