test_acc: 0.9022741241548863
test_recall: 0.9022741241548863
test_precision: 0.9028376253506698
test_F1: 0.9022741241548863
vali_acc: 0.7641921397379913
vali_recall: 0.7641921397379913
vali_precision: 0.8874530589800403
vali_F1: 0.7641921397379913
