test_acc: 0.8826060233558697
test_recall: 0.8826060233558697
test_precision: 0.8826906476239204
test_F1: 0.8826060233558697
vali_acc: 0.7809315866084425
vali_recall: 0.7809315866084425
vali_precision: 0.8894539716245644
vali_F1: 0.7809315866084425
