test_acc: 0.9145666871542717
test_recall: 0.9145666871542717
test_precision: 0.9149683248522512
test_F1: 0.9145666871542717
vali_acc: 0.7707423580786026
vali_recall: 0.7707423580786026
vali_precision: 0.8724654610215987
vali_F1: 0.7707423580786026
