test_acc: 0.6379840196681008
test_recall: 0.6379840196681008
test_precision: 0.6207861102495269
test_F1: 0.6379840196681008
vali_acc: 0.44905385735080056
vali_recall: 0.44905385735080056
vali_precision: 0.6197510673799083
vali_F1: 0.44905385735080056
