test_acc: 0.9297163995067818
test_recall: 0.9297163995067818
test_precision: 0.9305988571851238
test_F1: 0.9297163995067818
vali_acc: 0.7810499359795134
vali_recall: 0.7810499359795134
vali_precision: 0.8716514757001751
vali_F1: 0.7810499359795136
