test_acc: 0.9250153657037492
test_recall: 0.9250153657037492
test_precision: 0.9261749241432505
test_F1: 0.9250153657037492
vali_acc: 0.7685589519650655
vali_recall: 0.7685589519650655
vali_precision: 0.8662166320629762
vali_F1: 0.7685589519650655
