test_acc: 0.9222702035780382
test_recall: 0.9222702035780382
test_precision: 0.9249181718612656
test_F1: 0.9222702035780382
vali_acc: 0.691109669046074
vali_recall: 0.691109669046074
vali_precision: 0.8415454948648454
vali_F1: 0.691109669046074
