test_acc: 0.919185687847008
test_recall: 0.919185687847008
test_precision: 0.9209967369019234
test_F1: 0.9191856878470079
vali_acc: 0.6670992861778067
vali_recall: 0.6670992861778067
vali_precision: 0.8207175018728462
vali_F1: 0.6670992861778067
