test_acc: 0.906905055487053
test_recall: 0.906905055487053
test_precision: 0.9104859573093026
test_F1: 0.906905055487053
vali_acc: 0.7767819035424669
vali_recall: 0.7767819035424669
vali_precision: 0.8758288475806508
vali_F1: 0.7767819035424669
