test_acc: 0.8948985863552551
test_recall: 0.8948985863552551
test_precision: 0.9002494874252723
test_F1: 0.8948985863552551
vali_acc: 0.7416302765647744
vali_recall: 0.7416302765647744
vali_precision: 0.8637227591818881
vali_F1: 0.7416302765647744
