test_acc: 0.9265885256014805
test_recall: 0.9265885256014805
test_precision: 0.9274153414041997
test_F1: 0.9265885256014804
vali_acc: 0.6236210253082414
vali_recall: 0.6236210253082414
vali_precision: 0.8380515942887984
vali_F1: 0.6236210253082414
