test_acc: 0.9139520590043024
test_recall: 0.9139520590043024
test_precision: 0.9148698154276403
test_F1: 0.9139520590043024
vali_acc: 0.6419213973799127
vali_recall: 0.6419213973799127
vali_precision: 0.8792373148227474
vali_F1: 0.6419213973799127
