test_acc: 0.9229346485819976
test_recall: 0.9229346485819976
test_precision: 0.9241566125769626
test_F1: 0.9229346485819976
vali_acc: 0.7528809218950064
vali_recall: 0.7528809218950064
vali_precision: 0.8612047934757141
vali_F1: 0.7528809218950064
