test_acc: 0.9262446220036877
test_recall: 0.9262446220036877
test_precision: 0.9264785316450369
test_F1: 0.9262446220036877
vali_acc: 0.604075691411936
vali_recall: 0.604075691411936
vali_precision: 0.8639533874048341
vali_F1: 0.604075691411936
