test_acc: 0.9296730413325108
test_recall: 0.9296730413325108
test_precision: 0.9298440630995174
test_F1: 0.9296730413325108
vali_acc: 0.5379623621025308
vali_recall: 0.5379623621025308
vali_precision: 0.8240171691112917
vali_F1: 0.5379623621025308
