test_acc: 0.9217016029593095
test_recall: 0.9217016029593095
test_precision: 0.9224184533681834
test_F1: 0.9217016029593095
vali_acc: 0.6615450277422108
vali_recall: 0.6615450277422108
vali_precision: 0.8416979087240476
vali_F1: 0.6615450277422108
